    62.604, 20.868;
    59.126, 27.824;
    55.648, 45.214;
    54.174, 52.174;
    56.262, 54.652;
    66.082, 52.174;
    68.560, 53.126;
    71.038, 54.082;
    73.516, 55.038;
    73.038, 59.126;
    79.994, 66.082;
    76.516, 66.082;
    84.472, 66.082;
    82.472, 66.082;
    90.428, 69.562;
    76.516, 73.038;
    76.516, 76.516;
    83.472, 83.472;
    90.428, 90.428;
    96.514, 83.454;
    103.472, 90.428;
    97.384, 76.516;
    99.384, 83.472;
    104.34, 83.472;
    97.384, 90.428;
    323.454, 156.514;
    326.932, 166.944;
    330.41 , 173.913;
    333.888, 180.856;
    337.366, 187.812;
    340.844, 194.768;
    344.322, 181.724;
    347.814, 173.944;
    345.624, 170.422;
    352.584, 177.378;
    356.062, 184.334;
    359.54 , 191.296;
    349.536, 184.334;
    353.012, 191.298;
    355.492, 191.297;
    358.97 , 191.294;
    356.972, 198.253;
    353.448, 198.253;
    692.166, 490.398;
    695.617, 487.354;
    819.334, 92.862;
    820.808, 90.428;
    775.594, 563.436;
    779.072, 570.392;
    782.555, 577.348;
    772.116, 584.304;
    775.594, 587.782;
    779.072, 584.304;
    781.554, 587.782;
    785.028, 584.304;
    782.535, 590.264;
    883.412, 702.556;
    886.894, 699.078;
    884.894, 699.078;
    886.894, 702.556;
    886.897, 709.512;
    888.414, 711.498;
    890.368, 712.998;
    893.846, 709.512;
    895.846, 712.998;
    898.324, 709.512;
    897.324, 719.946;
    900.802, 716.468;
    904.288, 723.424;
    906.358, 719.946;
    907.758, 726.902;
    905.758, 726.902;
    900.802, 730.388;
    904.286, 733.858;
    907.758, 737.336;
    911.236, 740.814;